  7001   92700  28500  64200
  7002   95486  26766  68720
  7003  113613  32198  81415
  7004  101162  35492  65670
  7005  100932  34412  66520
  7006  137573  38003  99570
  7007  183875  42670  141205
  7008  215827  47312  168515
  7009  131143  29518  101625
  7010  146959  40414  106545
  7011  119941  30516  89425
  7012  156329  35034  121295
  7101  114664  29113  85551
  7102  126728  28960  97768
  7103  136303  30675  105628
  7104  144223  30105  114118
  7105  144413  35664  108749
  7106  164554  30699  133855
  7107  178860  34096  144764
  7108  199774  37818  161956
  7109  125617  23747  101870
  7110  168966  38028  130938
  7111  140357  32799  107558
  7112  174485  36915  137570
  7201  159097  33417  125680
  7202  181424  34473  146951
  7203  200138  37393  162745
  7204  167506  39008  128498
  7205  161168  40234  120934
  7206  194436  37642  156794
  7207  223653  40290  183363
  7208  232626  46057  186569
  7209  160171  27925  132246
  7210  189169  42560  146609
  7211  173384  39536  133848
  7212  201605  43105  158500
  7301  191633  45842  145791
  7302  214287  42219  172068
  7303  219622  46229  173393
  7304  207010  39419  167591
  7305  196762  42260  154502
  7306  238079  45808  192271
  7307  250797  47213  203584
  7308  280773  54509  226264
  7309  199968  38059  161909
  7310  220001  53111  166890
  7311  195174  51378  143796
  7312  216846  57044  159802
  7401  221288  52120  169168
  7402  226877  51273  175604
  7403  251276  53327  197949
  7404  217627  43665  173962
  7405  205411  49019  156392
  7406  256264  52246  204018
  7407  249168  48151  201017
  7408  298695  63826  234869
  7409  198021  38382  159639
  7410  225100  48425  176675
  7411  210458  50045  160413
  7412  226304  51390  174914
  7501  233987  56599  177388
  7502  238621  50963  187658
  7503  259725  52447  207278
  7504  195839  43388  152451
  7505  201601  49345  152256
  7506  254443  52525  201918
  7507  268739  55232  213507
  7508  285964  63017  222947
  7509  220690  48375  172315
  7510  222225  49793  172432
  7511  219538  49561  169977
  7512  227733  50443  177290
  7601  253326  54521  198805
  7602  256201  49202  206999
  7603  265860  47492  218368
  7604  259490  50276  209214
  7605  245402  58158  187244
  7606  286129  58749  227380
  7607  314331  64667  249664
  7608  322509  65442  257067
  7609  242065  62413  179652
  7610  254521  49438  205083
  7611  243500  55318  188182
  7612  276817  52874  223943
  7701  298028  60869  237159
  7702  266542  41527  225015
  7703  310494  57884  252610
  7704  281069  56442  224627
  7705  253017  58117  194900
  7706  300092  58471  241621
  7707  312457  57412  255045
  7708  331399  60511  270888
  7709  251448  55124  196324
  7710  272929  54626  218303
  7711  252777  51870  200907
  7712  303415  57502  245913
  7801  319267  71504  247763
  7802  280517  42800  237717
  7803  325412  46892  278520
  7804  284756  58217  226539
  7805  266680  58815  207865
  7806  314227  55625  258602
  7807  337085  54878  282207
  7808  331647  52315  279332
  7809  274725  52179  222546
  7810  294835  42165  252670
  7811  305139  45367  259772
  7812  336019  58553  277466
  7901  370870  77408  293462
  7902  328598  45682  282916
  7903  361362  65620  295742
  7904  291735  63476  228259
  7905  260867  65746  195121
  7906  332622  74204  258418
  7907  363080  69176  293904
  7908  394608  74773  319835
  7909  298766  71896  226870
  7910  311924  63218  248706
  7911  301256  67838  233418
  7912  344843  82039  262804
  8001  336349  86303  250046
  8002  305512  54262  251250
  8003  362969  72715  290254
  8004  308580  73723  234857
  8005  297709  73267  224442
  8006  336564  74944  261620
  8007  392511  72899  319612
  8008  378865  79901  298964
  8009  275906  77899  198007
  8010  286470  63173  223297
  8011  299969  73790  226179
  8012  353100  85496  267604
  8101  307518  73026  234492
  8102  320294  72272  248022
  8103  331229  80552  250677
  8104  313307  73815  239492
  8105  318320  88611  229709
  8106  352847  81811  271036
  8107  357872  82634  275238
  8108  394199  85212  308987
  8109  290259  83106  207153
  8110  308013  74707  233306
  8111  296854  76010  220844
  8112  343911  88076  255835
  8201  336520  79965  256555
  8202  337970  67255  270715
  8203  379555  78845  300710
  8204  343890  81030  262860
  8205  327395  88580  238815
  8206  377390  83205  294185
  8207  397870  82775  315095
  8208  398405  81870  316535
  8209  314455  80510  233945
  8210  344510  83145  261365
  8211  342195  73925  268270
  8212  342770  83295  259475
  8301  324960  73120  251840
  8302  348040  73480  274560
  8303  396310  77910  318400
  8304  319130  74340  244790
  8305  341120  83930  257190
  8306  411310  85130  326180
  8307  411080  82350  328730
  8308  417810  87700  330110
  8309  317520  82380  235140
  8310  351220  82350  268870
  8311  330200  75240  254960
  8312  399180  94070  305110
  8401  378980  93260  285720
  8402  396680  83240  313440
  8403  442800  87700  355100
  8404  383320  87490  295830
  8405  388860  93700  295160
  8406  434630  102580 332050
  8407  431450  99730  331720
  8408  446220  105820 340400
  8409  345270  94570  250700
  8410  390550  92910  297640
  8411  383810  83210  300600
  8412  433010  109990 323020
  8501  421800  99740  322060
  8502  415000  95390  319610
  8503  464680  94540  370140
  8504  405140  90720  314420
  8505  351440  90860  260580
  8506  372970  107820 265150
  8507  454460  106670 347790
  8508  468130  113820 354310
  8509  344320  88630  255690
  8510  364990  87040  277950
  8511  376340  86380  289960
  8512  444840  113890 330950
  8601  436070  99670  336400
  8602  447740  99230  348510
  8603  509360  106630 402730
  8604  451900  100230 351670
  8605  452530  102840 349690
  8606  516730  123830 392900
  8607  514150  129680 384470
  8608  543030  143830 399200
  8609  393670  104210 289460
  8610  411160  101590 309570
  8611  434390  103280 331110
  8612  496250  135570 360680
  8701  485890  130090 355800
  8702  465970  108840 357130
  8703  497000  125850 371150
  8704  424820  103550 321270
  8705  430020  115930 314090
  8706  515180  150600 364580
  8707  535640  153850 381790
  8708  584550  167760 416790
  8709  434970  131150 303820
  8710  469590  123670 345920
  8711  459930  121720 338210
  8712  496270  162810 333460
  8801  477840  152830 325010
  8802  469800  135050 334750
  8803  537270  149590 387680
  8804  464000  137610 326390
  8805  479520  147140 332380
  8806  544680  174670 370010
  8807  572190  192510 379680
  8808  593850  198750 395100
  8809  469530  156200 313330
  8810  511440  131650 379790
  8811  481570  129740 351830
  8812  540730  171950 368780
  8901  560810  174240 386570
  8902  525640  149230 376410
  8903  597240  161580 435660
  8904  507800  135000 372800
  8905  495400  145120 350280
  8906  601900  179430 422470
  8907  618180  187200 430980
  8908  640840  195020 445820
  8909  495740  158810 336930
  8910  497880  132210 365670
  8911  520310  134930 385380
  8912  580080  183730 396350
  9001  580980  194510 386470
  9002  543600  166750 376850
  9003  590170  174060 416110
  9004  561230  170240 390990
  9005  540510  167150 373360
  9006  622620  197670 424950
  9007  669060  226880 442180
  9008  693940  237690 456250
  9009  516900  170020 346880
  9010  535170  164880 370290
  9011  537780  162910 374870
  9012  579210  218690 360520
  9101  539240  191210 348030
  9102  432550  118420 314130
  9103  537670  132970 404700
  9104  544140  158230 385910
  9105  551930  178340 373590
  9106  631150  214970 416180
  9107  685310  241140 444170
  9108  707710  248760 458950
  9109  565270  213420 351850
  9110  534070  180590 353480
  9111  542440  185430 357010
  9112  602410  225950 376460
  9201  550680  218030 332650
  9202  533610  210550 323060
  9203  537900  197820 340080
  9204  508170  176330 331840
  9205  518990  208680 310310
  9206  570790  236480 334310
  9207  584680  235070 349610
  9208  599300  242080 357220
  9209  519640  221860 297780
  9210  516780  179200 337580
  9211  521160  180420 340740
  9212  552180  227240 324940
  9301  534120  215640 318480
  9302  486400  174340 312060
  9303  539060  189830 349230
  9304  480940  162490 318450
  9305  489830  189930 299900
  9306  505490  199310 306180
  9307  553220  217230 335990
  9308  571570  237330 334240
  9309  464070  197170 266900
  9310  493900  178330 315570
  9311  483730  179990 303740
  9312  521900  218120 303780
  9401  499250  193080 306170
  9402  525080  193320 331760
  9403  591310  209920 381390
  9404  495050  162370 332680
  9405  488630  188250 300380
  9406  544040  198020 346020
  9407  584700  221650 363050
  9408  612550  246630 365920
  9409  495490  214620 280870
  9410  502870  185900 316970
  9411  525030  188870 336160
  9412  566300  229850 336450
  9501  541610  210980 330630
  9502  496920  168140 328780
  9503  583410  211680 371730
  9504  512820  175150 337670
  9505  503400  214210 289190
  9506  565950  223830 342120
  9507  632110  266380 365730
  9508  648570  277010 371560
  9509  515850  244440 271410
  9510  510860  199190 311670
  9511  539920  209200 330720
  9512  582420  255810 326610
