0.426957962655721
0.269278766872216
0.656151483133615
0.325471136943385
0.505594366958254
0.750011596884966
-0.0976981092335764
0.0989964884569599
0.549475045652126
0.692529211011067
-0.272007389091819
0.569170635314015
0.830253799986423
-0.314597923206837
0.58034920039879
0.00339314183818484
0.132884317327102
0.289523333880541
0.96490383481777
1.58099896254447
0.955612622460547
0.776208834894818
0.544724930819366
0.32318715532968
1.33439911881802
1.58442090105751
1.32106820938125
1.11827042605594
2.03626264851023
1.18299974917889
1.17728146891858
0.28481929020759
1.41660502191288
1.1307748226907
1.31880958807859
1.78102566404577
0.729768003195174
2.55562596599755
1.50437539825493
1.75717852712256
2.97322560779851
0.465112389346406
2.39918641086415
1.88754987614448
1.62754918469662
1.59780958315344
2.07991439424415
2.47972314938138
0.936136560482213
0.908368264820135
1.76534369909732
1.74001241018884
0.293964034890719
2.124811997332
0.706134377287339
2.65380450154664
2.16785827633108
0.286400639249878
1.44688971132493
1.48616723312774
1.03357175656987
1.65301370915744
1.92364164949918
1.94724604205671
1.8316335891571
0.993591241841521
1.78233748856763
2.24896910063538
1.45706523782238
2.14105215574678
1.94542753043796
1.58934835578782
1.55360244575704
1.01223696297577
1.1866821459968
0.95796558345598
0.832290976516026
1.36430673276974
1.44686173468376
1.31089738330984
0.936970790233359
2.04362238640595
0.679712971698341
1.25230722753862
1.10662511770997
1.5111535414521
0.94791051485808
0.813611064741528
0.997455236960376
1.69357222473582
0.435029284783553
1.63554513397258
1.55514982006536
0.500996533816563
1.9874724446902
1.41065079230235
1.06607408981327
1.84330957691301
1.31014582185675
0.856132056842501
2.02592348475329
1.33606221843491
1.0040821933119
1.61638431679812
1.8433214757073
0.8367399213373
-0.0328813188711428
0.843389378938243
1.12090983342524
1.17404605798
1.00988582838107
0.410895109369799
0.777613030716839
2.03394165175227
1.00239412877682
0.327425533221336
1.07447335534969
0.513709456210416
0.97662079221599
0.588026137301553
0.879411086401676
1.30452917963686
1.1506221980097
0.926244760487849
0.523664743497231
0.303419585734757
0.623558131920034
1.25538204693004
1.17900732933749
1.88731101277591
1.2446117115767
0.394678330713894
1.11454430662712
0.496983280725731
1.0507246992966
0.999989988629169
1.84885969722461
0.743464244126848
1.31654454914111
0.50914078919404
1.76288246150112
1.58815541246664
1.12322311658378
1.4966353747303
1.56484233261509
2.13378809076822
2.11414217411768
2.10999332357564
0.301835153365714
1.69955868290889
0.898513519461503
1.33249435850329
2.97123520321836
1.20629472624284
2.09138445096794
2.17682369687061
2.02547238223731
1.25234515402743
1.52335268801424
2.13801790936217
1.861626887381
0.944486229282234
1.55464890529243
1.80436128447157
1.98946240164625
2.27417644386955
1.17406579700172
1.17345434117362
1.62617261363902
2.76586015334
1.94046415659468
1.53471563492626
1.14942245683334
2.42250870807982
1.65923709603516
2.8854568563076
1.81703912987772
2.4041324215999
1.88547122003715
2.14307224840123
2.2823243501203
1.9579120459994
2.62342671897884
2.24323218824818
3.14114682769258
1.45553997715941
1.63042861019895
2.0059944450492
1.60810017267515
2.43845047282295
2.62683222890171
1.86674658945196
2.22435676473164
2.24461695501164
1.34259040470194
1.60731249391095
2.0380759478796
2.11358819201052
1.43871227977666
1.40830430432839
3.10386265111325
1.95603587909186
0.700541586162098
-0.0976506397923513
1.58323263281818
1.39302391669706
1.54018409396572
2.17663456847554
0.979369429793919
1.16998856540241
0.980597886926915
2.36786841321307
0.585105579413194
1.84478536405973
0.818237737709017
1.6374814081123
1.69060055358686
1.14634166351432
1.74345610333736
2.1495704106241
1.57467497806151
1.91093666505849
1.9809761117223
1.47469517153629
2.29640204283841
1.18109924648747
1.89984453213024
1.21840204671756
1.00265138311431
2.29097977089044
1.47176889219438
1.40952941803742
1.39928538853599
0.761791686875308
2.04140182275324
0.965657468621258
1.38888620780706
1.71946467273071
1.7569794744781
2.35157255041327
2.31186684893975
2.0690155091573
2.37288441261432
0.245277151276349
1.73213551823757
2.71039512082893
2.08354925262445
1.96056256259009
1.37872872627723
1.95595626153576
2.56090577213078
2.14863976588994
1.34417504711919
2.68600794637235
0.534647772343807
1.56006556034297
2.36058513877221
2.52467571776615
2.10160813664957
2.12796994415082
1.99817991197092
1.90472205320326
2.29354240359486
1.83131043677012
2.32345054952236
1.48834550786791
2.18360283828119
2.28096245871293
2.52065775287358
2.24130208264737
2.81618696188069
2.35936474958694
2.26731746161292
2.4153292626534
2.04104888392048
1.16502094994531
2.48033234190451
2.00877419377127
2.59294254129977
2.13689528945994
1.59970400938678
1.32189818108537
1.94884871166408
2.49880201193051
2.03915831983767
1.60148684117181
3.06756349428302
2.88754751094167
3.07051790123821
2.54373890264911
1.59777396264477
2.24094573946821
1.87779632849121
2.8918970110464
2.32701132844551
2.27445621976429
1.80360037819945
2.88119313313714
2.63230961584178
2.29839397759333
2.19530664922514
2.15198516132444
3.09109322933496
1.93463964769216
2.30343407754558
2.74665141107744
3.1458017796923
1.59046634781454
1.47260910082945
2.26741451813406
1.68587818725007
1.40686577796899
2.66229732431696
2.74937368456808
2.07552480929466
1.35978808520444
2.33978232361145
1.30320265082268
1.7848087094196
1.80858985255988
1.98462011674861
1.60205474184058
1.84468473719504
1.37013034773953
2.84249113383914
2.46959017397623
1.34888490022537
2.09468676194769
1.3248555284206
2.22514442859185
1.94856191773597
1.87020640862663
2.26151052948746
2.4347469117108
1.78254184418926
1.78929137378693
2.76439304695676
1.69707832532009
2.43057412342709
2.18449741506965
2.17401918260095
2.73534907685203
2.29599323417167
1.27778148605641
2.37687888760441
2.03380980213549
2.23684716556722
2.36118897528045
1.90224365992056
2.18758052357085
1.88033893788166
1.72241061347724
1.99257440844378
3.002640359866
2.204161561536
1.89478065460844
1.30987081033585
2.42763048941479
2.29306317758917
2.79869530545245
1.87158827032056
2.22293944043319
2.08428013709517
2.69529627464461
1.84798520738711
2.28726176862694
2.05893213058895
2.152151727082
1.62607450164142
1.976393269292
2.60381694441805
1.76320130960456
2.31831652169067
1.66953258081911
0.994258360947519
1.70723889591568
1.79937887851246
1.18643137472429
0.20081165408944
1.34581624302211
1.46714482579764
1.50156616726044
1.56298456714981
1.40327106878733
1.50137598039744
2.08666544562053
2.15188826424423
1.85388842065265
1.14921016468462
2.29940980228041
2.16278933922926
1.80448151338335
0.992711768395058
2.82059223782564
1.7219735858509
1.50888956314379
2.06621335720492
1.65528117334965
1.05894848909596
1.85807573996502
1.34582626973617
2.00938709172292
1.59231549431171
2.71718490465623
2.18889938211276
1.80028419588953
1.97044704620017
2.71682083649907
2.60512401135904
1.72102785754554
2.43601832936186
2.12478951149484
1.21397098401401
2.6989874007314
3.0467877529997
2.50947809992576
2.22415197238535
2.16359552786973
2.31638943680742
1.54947852423366
1.12189207301752
1.4477088617554
2.1513409050964
1.52931622321963
2.1397446383359
1.8911379147828
2.43183814622948
1.99995381962812
1.43730460004073
1.80406414957575
1.1887977740242
1.22176934307529
1.9754852581479
2.17051094362794
1.55354901323612
1.64364367213312
1.65902479498569
1.50069120575035
1.90918650897421
1.35647077248151
1.71107093939608
1.903025168724
0.919083274470744
-0.0927275560666077
2.05994837208708
0.954223764670874
1.43228182821547
0.432591974462751
0.772859388843673
2.40845402700315
0.679375990767692
1.99539634214431
1.40930471146609
0.891891509498575
1.42781581071259
0.843478261314216
0.756673306026175
1.37927116089677
-0.0513894091038978
0.800670176131653
0.94642833358727
0.406163152309861
0.558828988136765
0.574648667278562
0.39659573704447
0.188382003811806
-0.0908661348019283
0.0991948210180806
0.239690223797068
0.292406907127959
0.0262636957526139
-0.0540850415220502
0.490209485571889
0.46000940994846
-0.311242571903161
0.48932894261625
1.20680535972991
1.06706923423333
0.0391603139678311
-0.51562187812594
0.443882258084019
1.16958708592502
0.535098126022293
1.14270781043976
0.135954330610217
-0.0619429786396246
0.721931505519628
0.336976141614757
0.910220365289856
0.984904900341535
0.563786643026936
0.436024074572288
1.04444120096803
1.47108566697809
-0.553116240022756
1.16736341503969
0.626526295035102
0.39306980840117
1.09787894277233
1.62028754095684
